list(b=c(0.00000E+00, 1.72414E-02, 3.44828E-02, 5.17241E-02, 6.89655E-02, 8.62069E-02, 1.03448E-01, 1.20690E-01, 1.37931E-01, 1.55172E-01, 1.72414E-01, 1.89655E-01, 2.06897E-01, 2.24138E-01, 2.41379E-01, 2.58621E-01, 2.75862E-01, 2.93103E-01, 3.10345E-01, 3.27586E-01, 3.44828E-01, 3.62069E-01, 3.79310E-01, 3.96552E-01, 4.13793E-01, 4.31034E-01, 4.48276E-01, 4.65517E-01, 4.82759E-01, 5.00000E-01, 5.17241E-01, 5.34483E-01, 5.51724E-01, 5.68966E-01, 5.86207E-01, 6.03448E-01, 6.20690E-01, 6.37931E-01, 6.55172E-01, 6.72414E-01, 6.89655E-01, 7.06897E-01, 7.24138E-01, 7.41379E-01, 7.58621E-01, 7.75862E-01, 7.93103E-01, 8.10345E-01, 8.27586E-01, 8.44828E-01, 8.62069E-01, 8.79310E-01, 8.96552E-01, 9.13793E-01, 9.31034E-01, 9.48276E-01, 9.65517E-01, 9.82759E-01, 1.00000E+00), beta0=-2.00000E+00, beta1=5.00000E-01, beta2=0.00000E+00, beta3=1.00000E+00, taub=5.00000E-01, tauY=1.50000E+00)
